30

11 4.19 5.90
69

39

15 0.90 3.27
171

53

17 2.45 4.46
133

85

22 0.57 4.69
110

6

30 0.51 4.06
140

147

14 1.48 3.51
142

22

24 2.28 4.63
90

158

24 2.33 5.70
10

163

30 0.16 5.43
206

40

15 1.67 4.22
68

15

14 1.90 3.20
83

88

26 1.68 4.19
52

161

20 2.96 5.77
41

95

13 0.92 5.20
93

125

15 3.91 5.75
157

79

17 0.89 2.87
126

152

11 2.68 3.90
113

141

29 0.64 5.80
168

112

12 3.64 4.97
215

214

22 4.08 5.38
199

9

24 3.50 5.46
185

65

15 2.49 4.82
124

138

20 2.00 3.17
211

44

11 0.90 3.18
0

213

10 1.73 4.26
166

19

27 0.65 4.92
117

197

23 0.61 5.35
73

92

13 3.33 4.78
114

165

30 2.28 3.54
190

187

17 3.65 5.88
82

146

