24

30 3.93 5.61
17 38 

9 58 

19 2.59 4.06
68 3 

51 8 

15 0.20 1.60
60 61 

1 148 

21 0.98 4.57
70 71 72 

0 127 

12 0.56 2.93
82 131 

92 108 

18 2.00 3.93
11 153 

141 76 

13 0.43 3.40
165 181 

120 43 

18 4.43 5.45
69 16 

67 139 

16 1.85 4.94
53 123 

22 135 

15 0.66 3.98
214 149 

15 32 94 

27 1.75 5.90
95 208 

124 81 

23 3.44 5.70
40 128 

126 196 

27 1.12 3.59
65 56 

90 111 

18 3.22 4.73
155 204 

143 144 145 

20 2.58 5.78
31 18 

142 89 

22 1.67 4.93
10 160 33 

197 154 

20 0.77 5.41
25 26 

73 200 

16 1.86 4.39
104 91 

12 13 

20 0.88 5.67
177 164 

44 34 

30 3.44 4.53
216 217 218 

163 184 

19 2.15 5.39
140 212 

138 129 

30 0.67 5.83
117 107 

98 99 

18 0.70 2.51
39 5 

113 201 

17 1.84 3.20
88 105 167 

112 78 

