30

11 4.19 5.90
69 16 

39 5 

15 0.90 3.27
171 26 

53 50 

17 2.45 4.46
133 61 

85 13 

22 0.57 4.69
110 36 188 

6 49 

30 0.51 4.06
140 66 

147 148 

14 1.48 3.51
142 89 

22 62 

24 2.28 4.63
90 38 

158 86 

24 2.33 5.70
10 14 106 

163 111 

30 0.16 5.43
206 134 

40 128 

15 1.67 4.22
68 3 

15 32 21 

14 1.90 3.20
83 87 179 

88 105 94 

26 1.68 4.19
52 48 118 

161 178 167 

20 2.96 5.77
41 57 

95 135 

13 0.92 5.20
93 23 119 

125 121 191 

15 3.91 5.75
157 80 

79 122 

17 0.89 2.87
126 123 

152 195 

11 2.68 3.90
113 201 

141 76 

29 0.64 5.80
168 208 

112 78 

12 3.64 4.97
215 162 

214 149 

22 4.08 5.38
199 196 

9 131 

24 3.50 5.46
185 151 

65 56 

15 2.49 4.82
124 8 

138 129 

20 2.00 3.17
211 202 

44 34 

11 0.90 3.18
0 54 

213 139 

10 1.73 4.26
166 96 192 

19 35 

27 0.65 4.92
117 107 

197 81 

23 0.61 5.35
73 127 

92 108 

13 3.33 4.78
114 130 

165 181 

30 2.28 3.54
190 180 

187 203 

17 3.65 5.88
82 204 

146 200 

