24

30 3.93 5.61
17

9

19 2.59 4.06
68

51

15 0.20 1.60
60

1

21 0.98 4.57
70

0

12 0.56 2.93
82

92

18 2.00 3.93
11

141

13 0.43 3.40
165

120

18 4.43 5.45
69

67

16 1.85 4.94
53

22

15 0.66 3.98
214

15

27 1.75 5.90
95

124

23 3.44 5.70
40

126

27 1.12 3.59
65 56 

90 111 

18 3.22 4.73
155 204 

143 144 145 

20 2.58 5.78
31 18 

142 89 

22 1.67 4.93
10 160 33 

197 154 

20 0.77 5.41
25 26 

73 200 

16 1.86 4.39
104 91 

12 13 

20 0.88 5.67
177 164 

44 34 

30 3.44 4.53
216 217 218 

163 184 

19 2.15 5.39
140 212 

138 129 

30 0.67 5.83
117 107 

98 99 

18 0.70 2.51
39 5 

113 201 

17 1.84 3.20
88 105 167 

112 78 

