20

24 2.12 4.29
69

44

28 0.56 5.29
104

113

16 1.64 5.43
17

70

23 2.54 3.94
79

143

20 0.46 5.85
216

171

15 2.40 4.60
53

52

26 2.39 5.72
133

65

18 3.61 5.01
177

9

22 0.10 4.36
141

47

19 0.07 4.79
1

84

10 0.63 2.54
37 36 115 

12 86 

11 2.99 5.10
140 66 

120 116 

16 3.68 4.84
157 80 

213 139 

27 0.90 2.94
39 5 

15 32 21 

24 0.73 4.98
41 57 

10 14 33 

15 0.47 4.07
83 87 106 

82 131 

20 0.69 3.77
126 123 

0 54 

20 0.47 4.97
125 194 118 

214 76 

15 3.94 5.73
156 160 179 

112 78 

14 1.04 5.39
155 204 

73 127 

