1 3 0 2.2342995403834793 68 0.30317068099975586
1 3 0.5 3.6841485179324427 68 0.3524448871612549
1 3 1 2.7862841487926477 68 1.090731143951416
1 6 0 5.234498495431051 134 2.7466506958007812
1 6 0.5 7.242906360335269 134 10.347442865371704
1 6 1 5.627242306956399 134 11.68176794052124
1 9 0 15.428817282563942 57 3.103214979171753
1 9 0.5 15.428817282563942 57 10.263115882873535
1 9 1 15.428817282563942 57 15.248631000518799
3 3 0 7.549644184628075 195 4.790276050567627
3 3 0.5 7.484224532422881 195 12.234269142150879
3 3 1 6.8193955628141065 195 19.50213885307312
3 6 0 10.766353475484568 342 51.28349423408508
3 6 0.5 9.679886911347715 342 85.77425813674927
3 6 1 8.96703181028678 342 415.7510509490967
3 9 0 22.616541510161703 493 322.3082699775696
3 9 0.5 20.20651873750905 493 2148.443196773529
3 9 1 23.59626511614008 493 2174.7767519950867
